封包大小:239
[-19, 0, 100, 0, 49, 50, 55, 46, 48, 46, 48, 46, 49, 0, 0, 0, 0, 0, 0, 0, 0, 99, 110, 122, 121, 116, 0, 0, 0, 0, 0, 0, 0, 0, 99, 112, 117, 61, 40, 71, 101, 110, 117, 105, 110, 101, 73, 110, 116, 101, 108, 41, 32, 85, 110, 107, 110, 111, 119, 110, 32, 32, 32, 32, 40, 51, 46, 57, 52, 71, 104, 122, 41, 124, 111, 115, 61, 87, 105, 110, 100, 111, 119, 115, 32, 88, 80, 32, 83, 101, 114, 118, 105, 99, 101, 32, 80, 97, 99, 107, 32, 49, 124, 114, 97, 109, 61, 52, 48, 57, 53, 124, 103, 114, 97, 112, 104, 105, 99, 61, 64, 111, 101, 109, 51, 50, 46, 105, 110, 102, 44, 37, 110, 118, 105, 100, 105, 97, 95, 100, 101, 118, 46, 49, 98, 56, 49, 37, 59, 78, 86, 73, 68, 73, 65, 32, 71, 101, 70, 111, 114, 99, 101, 32, 71, 84, 88, 32, 49, 48, 55, 48, 32, 32, 68, 114, 105, 118, 101, 114, 86, 101, 114, 58, 50, 50, 46, 50, 49, 46, 49, 51, 46, 56, 53, 54, 57, 32, 86, 105, 100, 77, 101, 109, 58, 32, 51, 54, 56, 57, 124, 115, 111, 117, 110, 100, 61, 110, 111, 110, 101, 124, 100, 105, 114, 101, 99, 116, 120, 61, 57, 46, 48, 48, 124, 0, 0, 16, 16]

封包大小:239
[-19, 0, 100, 0, 49, 50, 55, 46, 48, 46, 48, 46, 49, 0, 0, 0, 0, 0, 0, 0, 0, 50, 0, 0, 0, 0, 0, 0, 0, 0, 0, 0, 0, 0, 99, 112, 117, 61, 40, 71, 101, 110, 117, 105, 110, 101, 73, 110, 116, 101, 108, 41, 32, 85, 110, 107, 110, 111, 119, 110, 32, 32, 32, 32, 40, 51, 46, 57, 52, 71, 104, 122, 41, 124, 111, 115, 61, 87, 105, 110, 100, 111, 119, 115, 32, 88, 80, 32, 83, 101, 114, 118, 105, 99, 101, 32, 80, 97, 99, 107, 32, 49, 124, 114, 97, 109, 61, 52, 48, 57, 53, 124, 103, 114, 97, 112, 104, 105, 99, 61, 64, 111, 101, 109, 51, 50, 46, 105, 110, 102, 44, 37, 110, 118, 105, 100, 105, 97, 95, 100, 101, 118, 46, 49, 98, 56, 49, 37, 59, 78, 86, 73, 68, 73, 65, 32, 71, 101, 70, 111, 114, 99, 101, 32, 71, 84, 88, 32, 49, 48, 55, 48, 32, 32, 68, 114, 105, 118, 101, 114, 86, 101, 114, 58, 50, 50, 46, 50, 49, 46, 49, 51, 46, 56, 53, 54, 57, 32, 86, 105, 100, 77, 101, 109, 58, 32, 51, 54, 56, 57, 124, 115, 111, 117, 110, 100, 61, 110, 111, 110, 101, 124, 100, 105, 114, 101, 99, 116, 120, 61, 57, 46, 48, 48, 124, 0, 0, 16, 16]

封包大小:10
[8, 0, 0, 0, 0, 0, 0, 0, 16, 16]

登录回应 第五位为状态响应码
[12, 0, 101, 0, 3, 124, -48, -95, -47, -89, -55, -6, 16, 16]

[12, 0, 101, 0, 0, 0, 0, 0, 0, 0, 0, 0, 16, 16]

包第一位为封包长度
角色channel信息
-128为128人
[-98, 0, 106*, 0, 0, 0, 0, 0, 0, 0, 0, 0, 0, 0, 0, 0, 0, 0, 0, 0, 0, 0, 0, 0, 0, 0, 0, 0, 13, 50, 124, -76, 0, 0, 0, 0, 0, 0, 0, 0, 0, 0, 0, 0, 0, 0, 0, 0, 0, 0, 0, 0, 0, 0, 0, 0, 0, 0, 0, 0, 0, 0, 0, 0, 12, 0, 0, 0, 5, 0, 0, 0, 0, 0, 0, 0, 0, 0, 0, 0, 0, 0, 0, 0, 1, 0, 0, 0, 0, 48, 56, 49, 53, 0, -51, -51, -51, -51, -51, -51, -51, -51, -51, -51, -51, -51, -51, -51, -51, -51, -51, -51, -51, -51, -51, -51, -51, -51, -51, -51, -51, -51, -51, -51, -51, -51, -51, -51, -51, 0, 20, 1, 6, 49, 53, 95, 68, 66, 0, 49, 56, 48, 56, 48, 50, 48, 48, 48, 48, 48, 54, 32, 32, 32, 32, 0, 0, 0, 16, 16,
 6, 0, -56*, 0, 3, 0, 16, 16,
 10, 0, -55*, 0, 0, 0, -128, 0, 0, 0, 16, 16,
 10, 0, -55*, 0, 1, 0, -128, 0, 0, 0, 16, 16,
 10, 0, -55*, 0, 2, 0, -128, 0, 0, 0, 16, 16,
 46, 0, 109*, 0, 48, 124, -48, -95, -47, -89, -55, -6, 124, 48, 13, 49, 124, -42, -48, -47, -89, -55, -6, 124, 51, 48, 48, 48, 13, 50, 124, -76, -13, -47, -89, -55, -6, 124, 49, 48, 48, 48, 48, 13, 0, 0, 16, 16]


[-98, 0, 106, 0, 0, 0, 0, 0, 0, 0, 0, 0, 0, 0, 0, 0, 0, 0, 0, 0, 0, 0, 0, 0, 0, 0, 0, 0, 13, 50, 124, -76, 0, 0, 0, 0, 0, 0, 0, 0, 0, 0, 0, 0, 0, 0, 0, 0, 0, 0, 0, 0, 0, 0, 0, 0, 0, 0, 0, 0, 0, 0, 0, 0, 12, 0, 0, 0, 5, 0, 0, 0, 0, 0, 0, 0, 0, 0, 0, 0, 0, 0, 0, 0, 1, 0, 0, 0, 0, 48, 56, 49, 53, 0, -51, -51, -51, -51, -51, -51, -51, -51, -51, -51, -51, -51, -51, -51, -51, -51, -51, -51, -51, -51, -51, -51, -51, -51, -51, -51, -51, -51, -51, -51, -51, -51, -51, -51, -51, 0, 20, 1, 6, 49, 53, 95, 68, 66, 0, 49, 56, 48, 56, 48, 50, 48, 48, 48, 48, 48, 55, 32, 32, 32, 32, 0, 0, 0, 16, 16,
 6, 0, -56, 0, 2, 0, 16, 16,
 10, 0, -55, 0, 0, 0, -128, 0, 0, 0, 16, 16,
 10, 0, -55, 0, 1, 0, -128, 0, 0, 0, 16, 16,
 46, 0, 109, 0, 48, 124, -48, -95, -47, -89, -55, -6, 124, 48, 13, 49, 124, -42, -48, -47, -89, -55, -6, 124, 51, 48, 48, 48, 13, 50, 124, -76, -13, -47, -89, -55, -6, 124, 49, 48, 48, 48, 48, 13, 0, 0, 16, 16]

 [-98, 0, 106, 0, 0, 0, 0, 0, 0, 0, 0, 0, 0, 0, 0, 0, 0, 0, 0, 0, 0, 0, 0, 0, 0, 0, 0, 0, 13, 50, 124, -76, 0, 0, 0, 0, 0, 0, 0, 0, 0, 0, 0, 0, 0, 0, 0, 0, 0, 0, 0, 0, 0, 0, 0, 0, 0, 0, 0, 0, 0, 0, 0, 0, 12, 0, 0, 0, 5, 0, 0, 0, 0, 0, 0, 0, 0, 0, 0, 0, 0, 0, 0, 0, 1, 0, 0, 0, 0, 48, 56, 49, 53, 0, -51, -51, -51, -51, -51, -51, -51, -51, -51, -51, -51, -51, -51, -51, -51, -51, -51, -51, -51, -51, -51, -51, -51, -51, -51, -51, -51, -51, -51, -51, -51, -51, -51, -51, -51, 0, 20, 1, 6, 49, 53, 95, 68, 66, 0, 49, 56, 48, 56, 48, 50, 48, 48, 48, 48, 48, 55, 32, 32, 32, 32, 0, 0, 0, 16, 16,

 [-98, 0, 106, 0, 0, 0, 0, 0, -1, -1, -1, -1, -1, -1, -1, -1, 1, 0, 0, 0, -1, -1, -1, -1, -1, -1, -1, -1, 13, 50, 124, -76, 60, 0, 0, 0, 0, 0, 0, 0, 0, 0, 0, 0, 0, 0, 0, 0, 0, 0, 0, 0, 6, 0, 0, 0, 0, 0, 0, 0, 0, 0, 0, 0, 23, 0, 0, 0, 3, 0, 0, 0, 1, 0, 0, 0, 0, 0, 0, 0, 0, 0, 0, 0, 0, 0, 0, 0, 0, 48, 56, 48, 55, 0, -51, -51, -51, -51, -51, -51, -51, -51, -51, -51, -51, -51, -51, -51, -51, -51, -51, -51, -51, -51, -51, -51, -51, -51, -51, -51, -51, -51, -51, -51, -51, -51, -51, -51, -51, 0, 20, 1, 6, 49, 53, 95, 68, 66, 0, 49, 56, 48, 56, 48, 51, 48, 48, 48, 48, 48, 52, 32, 32, 32, 32, 0, 0, 0]


进入频道
封包大小:8
[6, 0, -54, 0, 0, 0, 16, 16]

封包大小:8
[6, 0, -54, 0, 1, 0, 16, 16]


 <== 101
Dev	8	2018-08-03 10:02:03	State	LOGINED	U(0)
DB	9	2018-08-03 10:02:03	SP_GS_GM_RESULT_R	0	2
Dev	10	2018-08-03 10:02:03	Nick	U(0)	0815
 <== 106
 <== 200
 <== 201
 <== 201
 <== 109